Stornoway						
"Location: 146400E 933200N, Lat 58.214 Lon -6.318, 15 metres amsl"						
Estimated data is marked with a * after the value.						
Missing data (more than 2 days missing in month) is marked by  ---.						
"Sunshine data taken from an automatic Kipp & Zonen sensor marked with a #, otherwise sunshine data taken from a Campbell Stokes recorder."						
yyyy	mm	tmax	tmin	af	rain	sun
		degC	degC	days	mm	hours
1992	1	8.5	4	1	72.7	15.6
1992	2	8.3	3.4	2	145.7	45.3
1992	3	8.2	2.5	4	158.2	67
1992	4	9.5	4.6	0	94.1	104.2
1992	5	14.5	6.9	0	50.2	247.8
1992	6	15.9	9.6	0	33.5	186.5
1992	7	15.3	10.3	0	127.8	110.6
1992	8	15.1	10.1	0	191.2	123.3
1992	9	13.4	7.9	0	149.1	87
1992	10	10	4.6	1	130.7	68.2
1992	11	8.4	3.3	0	170.7	32.6
1992	12	7.1	2.2	8	123.3	14.1
1993	1	7.2	1.5	5	274.7	18.3
1993	2	8.2	4.7	2	57.1	22.9
1993	3	8.4	3.3	5	79.7	103.7
1993	4	10	5.1	0	79.9	140.9
1993	5	11.1	5.7	0	52.8	217.1
1993	6	13.5	8.9	0	89.3	102.2
1993	7	14.3	9.5	0	81.1	70.1
1993	8	14.6	9.4	0	44.9	86.9
1993	9	13.7	8.7	0	37.9	114.7
1993	10	10.1	5.8	1	78.7	53.3
1993	11	8.8	4	3	63.2	61.9
1993	12	5.8	1.5	7	178.8	21.3
1994	1	6.8	1.8	6	154.3	26.7
1994	2	5.9	2.3	3	57.4	85.5
1994	3	7.2	1.9	6	163.7	98.3
1994	4	9.2	3.3	1	103.8	131.4
1994	5	11.3	5.5	0	36.2	294.1
1994	6	13.5	8.2	0	112.1	134.6
1994	7	16.4	10.8	0	49.5	146
1994	8	15	10	0	104.8	109.4
1994	9	13.4	8.3	0	130.6	121
1994	10	11.4	6.3	0	64.3	77.2
1994	11	11	6.6	0	121.4	44.1
1994	12	8.3	2.6	5	189.7	29.6
1995	1	6.6	1.1	8	212.3	30.4
1995	2	6.6	1.1	6	155.1	57.9
1995	3	6.4	0.9	13	134.6	88.4
1995	4	9.1	4	2	65.4	96.2
1995	5	11.5	5.5	3	60	156
1995	6	14.3	8.4	0	26.8	195.2
1995	7	17.3	10.6	0	57	176.9
1995	8	17.9	11.5	0	32.2	194
1995	9	14.3	8.9	0	131.2	99.6
1995	10	13.1	7.6	0	191.1	87.7
1995	11	10.2	5.3	0	121.7	50.1
1995	12	6.2	1.1	11	45.4	56.5
1996	1	8.1	4.4	2	69.5	37.8
1996	2	6.6	1.1	10	74.1	58
1996	3	7.5	2.8	3	45.1	92.9
1996	4	10.2	4.6	1	86.3	106.2
1996	5	10.8	4.4	1	68.1	234.5
1996	6	14	8.8	0	57.9	142.1
1996	7	15.2	9.8	0	80.1	107
1996	8	16	11.1	0	70.6	91.9
1996	9	15.4	10	0	74.4	150.3
1996	10	12.5	6.9	0	211.6	73.2
1996	11	7.5	1.9	8	201.1	57
1996	12	6.8	1.5	12	60.7	42.8
1997	1	7.4	2.6	9	56.8	41.8
1997	2	7.9	2	1	277.4	66.8
1997	3	9.6	4.8	1	119.5	82.8
1997	4	10.4	4.8	1	73	104
1997	5	11.7	6.2	1	85.2	196
1997	6	13.7	8.7	0	56.5	168.7
1997	7	17.4	11	0	51.5	166.8
1997	8	18.7	12.2	0	38.6	211.2
1997	9	14.5	8.9	0	105.2	113.2
1997	10	12.1	6.7	0	55.5	83
1997	11	10.8	6.3	0	98.1	47.8
1997	12	8.8	4	0	153.5	31.5
1998	1	7.8	3.2	4	181.5	33.5
1998	2	9.4	5	1	209.7	27.8
1998	3	8.4	3.6	5	143.5	63.1
1998	4	9	3.3	3	62.7	200.8
1998	5	12.8	6.9	0	30.6	168.2
1998	6	13.2	7.8	0	73.1	206.3
1998	7	15.2	10.2	0	94.9	106.6
1998	8	15.7	10.2	0	53.4	120.9
1998	9	15.3	10.3	0	54.6	123.1
1998	10	10.7	5.7	1	152.3	103.2
1998	11	9	3.5	4	158.3	64.1
1998	12	8.4	3.3	7	165.8	24.7
1999	1	7.1	2.6	4	206.3	37.8
1999	2	6.7	1.5	6	129.4	58.2
1999	3	8.5	3.2	4	153.7	108.4
1999	4	10.5	5	2	107.4	146.4
1999	5	12.6	7	0	103.8	184.1
1999	6	13.3	8.4	0	104.6	124.2
1999	7	16.4	10.6	0	70.5	176.3
1999	8	16.4	10.8	0	54.5	194
1999	9	15.3	10.4	0	118.7	114.2
1999	10	12.3	7.5	0	132.3	84.7
1999	11	9.7	4.5	1	151.8	38.1
1999	12	6.4	1.3	8	214	31.1
2000	1	7.8	3.1	0	195.1	32.8
2000	2	7.5	2.3	3	202.3	56.6
2000	3	9.2	4	2	120.7	84.6
2000	4	8.8	3.5	5	81.5	150
2000	5	12.9	6.1	0	53.5	239.6
2000	6	13.3	7.9	0	80.6	181.5
2000	7	15.2	10.4	0	22.7	141.5
2000	8	16.5	11.1	0	74.7	146.6
2000	9	15.4	10.1	0	97.3	133.2
2000	10	12.1	7.5	0	190.3	96.2
2000	11	8.8	3.5	0	110.8	52.3
2000	12	7.5	3.6	7	148.1	23.1
2001	1	6.5	1.6	4	60.5	78.7
2001	2	6.4	1	11	64.8	65.5
2001	3	7.4	1.6	7	54	155.6
2001	4	9.4	3.4	2	56.9	165.5
2001	5	13.9	7	0	33.3	205.1
2001	6	13.5	8.2	0	55.3	164.9
2001	7	14.7	10.5	0	70.7	101
2001	8	16.8	11	0	75.5	162.2
2001	9	14.1	9.3	0	98.6	111.9
2001	10	13.4	9.5	0	179.4	72.3
2001	11	9.9	4.5	0	114.7	35
2001	12	7.6	2.2	5	114.4	44.2
2002	1	9.1	4.3	3	197.6	25.9
2002	2	7.5	1.9	5	159.4	67.8
2002	3	8.7	3.9	2	97.6	107.7
2002	4	11.1	5.6	0	74.2	148.2
2002	5	13.3	6.9	0	60	214.4
2002	6	15.1	10.1	0	103.8	160.7
2002	7	15.2	9.9	0	100.2	106.4
2002	8	16.4	11.5	0	44	128.1
2002	9	15.5	10.2	0	38	82.4#
2002	10	11.2	6.2	1	91.4	71.7#
2002	11	10.2	6.2	1	95.4	35.7#
2002	12	7.7	3.4	4	29.8	25.4#
2003	1	7.3	2.3	9	154.2	27.9#
2003	2	8.2	3	6	54.4	56.2#
2003	3	10.1	4.1	4	76	69.6#
2003	4	12.9	6.4	0	32.2	171.6#
2003	5	12.6	6.2	1	108.9	126.2#
2003	6	15.9	10.7	0	66.2	121.9#
2003	7	17.8	12.3	0	56.9	115.5#
2003	8	17.7	11.7	0	49	144.0#
2003	9	15.1	9.3	0	111.1	*   83.7#
2003	10	11.2	5.4	0	76.2	102.1#
2003	11	10.8	5.3	0	103.2	44.2#
2003	12	7.9	2.8	5	135.6	27.9#
2004	1	7.2	2.7	6	149.2	23.2#
2004	2	7.6	1.6	9	108.2	64.7#
2004	3	9.2	3.8	0	66	121.5#
2004	4	10.9	5.7	0	77.6	105.2#
2004	5	13.4	6.8	0	40.4	---
2004	6	14.8	9.8	0	71	89.2#
2004	7	16	10.4	0	59.4	122.5#
2004	8	17.3	12	0	96.8	147.3#
2004	9	14.9	9.4	0	131	118.0#
2004	10	11.4	6.8	0	143.6	50.7#
2004	11	9.6	5.3	3	117.8	31.1#
2004	12	8.8	3.4	4	136.4	17.2#
2005	1	8.1	3.2	3	160.2	23.9#
2005	2	6.9	2.1	1	84.8	53.2#
2005	3	9.1	4	5	99	88.4#
2005	4	10.5	5	1	113.3	156.9#
2005	5	11.9	5.2	1	58.2	168.9#
2005	6	14.5	9.4	0	92.8	101.1#
2005	7	15.4	10.6	0	56.6	85.4#
2005	8	16.2	10.9	0	124.3	105.2#
2005	9	14.9	9.5	0	164.8	81.4#
2005	10	13.5	8.3	0	117	61.9#
2005	11	9.8	4.3	0	128.8	40.2#
2005	12	8.9	4.1	1	74	31.4#
2006	1	8.4	3.7	1	98.8	39.0#
2006	2	8	3.3	3	60.8	58.8#
2006	3	6.9	2	8	109.2	74.9#
2006	4	9.8	3.8	1	121.6	144.7#
2006	5	12.5	5.8	0	96.8	171.3#
2006	6	15.7	9.5	0	57.4	123.9#
2006	7	18.2	12.5	0	58.4	140.4#
2006	8	16.2	11.6	0	59.6	64.7#
2006	9	17	11.8	0	87.2	88.6#
2006	10	13.6	9.2	0	168.6	48.0#
2006	11	10	4.9	0	134.2	28.7#
2006	12	9	4.7	0	204.3	15.6#
2007	1	8.4	3.5	0	215	---
2007	2	8.1	3.8	2	99.4	51.0#
2007	3	9.4	3.4	3	116.8	129.6#
2007	4	12.9	6.5	0	53.8	157.6#
2007	5	12.3	5.9	0	143.2	172.9#
2007	6	14.3	9.3	0	35.2	205.5#
2007	7	15.9	11.2	0	85.6	118.7#
2007	8	15.7	10.5	0	133.6	69.6#
2007	9	14.1	8.8	0	107.8	105.9#
2007	10	13	8.8	0	91.8	59.2#
2007	11	9.6	4.9	1	110.6	19.7#
2007	12	8.6	3.4	3	127	30.3#
2008	1	7.5	2.4	5	156.4	22.0#
2008	2	9	2.2	7	118.8	64.4#
2008	3	7.7	2	3	125.4	95.8#
2008	4	10	3.6	1	63	178.5#
2008	5	14.5	8	0	12.8	289.4#
2008	6	14.5	8.6	0	88.4	135.5#
2008	7	17	11.2	0	61.8	137.3#
2008	8	16.6	11.8	0	106.6	134.0#
2008	9	14.6	9.3	0	62	75.0#
2008	10	11	5.3	0	190.8	70.1#
2008	11	9.1	4.3	2	146.6	19.5#
2008	12	7.4	2.3	4	96.6	18.6#
2009	1	7.7	3.2	0	168.4	25.5#
2009	2	7.4	3	6	72.6	32.1#
2009	3	9	3.5	2	137	93.2#
2009	4	12.5	5.9	
2009	5	13.6	6.8	0	100	200.0#
2009	6	15.7	9.2	0	36.4	251.8#
2009	7	17.2	11.7	0	134.2	146.0#
2009	8	16.5	11.4	0	122.8	96.1#
2009	9	14.9	10.4	0	88.4	64.6#
2009	10	12.7	7.2	0	137.6	74.1#
2009	11	9.8	4.8	0	173.4	45.9#
2009	12	7.1	1.9	11	116.2	32.3#
2010	1	6	1.4	11	89.4	49.1#
2010	2	5.5	0.6	7	56.8	50.3#
2010	3	8.9	3.1	6	61	91.5#
2010	4	10.4	4	2	69	112.6#
2010	5	12	5.7	0	68	158.3#
2010	6	15.9	9.9	0	28.2	130.8#
2010	7	16.1	10.9	0	108.4	105.8#
2010	8	15.8	10.2	0	57.6	89.6#
2010	9	14.8	9.7	0	129	103.8#
2010	10	12.1	7.2	0	121.6	92.1#
2010	11	7.6	2.2	5	91.2	49.3#
2010	12	5.1	-0.7	20	43.4	38.3#
2011	1	7.1	2.1	10	108.8	31.7#
2011	2	8.2	3.3	1	81	65.9#
2011	3	8.7	3.4	5	93	81.6#
2011	4	12.9	6.6	0	51	140.5#
2011	5	13	7	0	153.2	162.4#
2011	6	14.1	8.5	0	53.4	162.0#
2011	7	16	10.5	0	44.6	121.6#
2011	8	15.6	10	0	77.6	101.2#
2011	9	15.2	10.3	0	143.4	77.7#
2011	10	12.7	7.3	0	148.8	58.4#
2011	11	11.8	6.5	0	139.8	53.9#
2011	12	7.6	1.8	8	195	15.5#
2012	1	7.5	2.9	3	145.2	30.6#
2012	2	8.8	4.2	1	69.6	38.0#
2012	3	10.7	5.6	1	54.4	107.6#
2012	4	9.5	3.4	4	85.4	148.5#
2012	5	12.4	5.5	2	43.4	244.7#
2012	6	13.6	8.5	0	37.8	166.5#
2012	7	15.3	9.9	0	56	95.5#
2012	8	16.7	11.3	0	92.8	111.5#
2012	9	13.7	8.4	0	131.4	98.1#
2012	10	10.8	4.5	1	99.4	92.6#
2012	11	8.7	3.9	0	129.8	41.0#
2012	12	6.9	1.8	9	158.6	28.4#
2013	1	7.3	2.8	4	108.8	28.1#
2013	2	7.3	1.6	7	70.4	72.1#
2013	3	6.6	1.5	9	36.6	132.4#
2013	4	9	2.4	8	97.2	182.2#
2013	5	11.5	5.4	0	97	182.1#
2013	6	14.5	9.2	0	35.6	135.5#
2013	7	18.1	11.7	0	44	183.2#
2013	8	16.6	11.3	0	104.6	102.1#
2013	9	14.6	8.8	0	81.1	101.5#
2013	10	12.7	7.9	0	140.2	65.4#
2013	11	8.9	3.3	2	124.4	31.0#
2013	12	8.6	3.9	2	248.8	11.2#
2014	1	7.5	3.5	2	138.8	28.5#
2014	2	7.6	2.9	1	147.6	54.3#
2014	3	9.6	4.3	1	105.2	104.3#
2014	4	11.4	6.1	0	86.4	164.1#
2014	5	12.7	7.5	0	62.8	127.0#
2014	6	16.3	10.8	0	49.4	140.9#
2014	7	18.2	12.2	0	65.6	193.9#
2014	8	15.9	10.3	0	141.4	143.9#
2014	9	15.5	10.2	0	48.2	101.2#
2014	10	12.5	7	0	198	76.8#
2014	11	11	5.7	0	90.4	52.5#
2014	12	7.6	2.2	1	168.2	20.3#
2015	1	6.9	1.8	6	198.6	30.1#
2015	2	7.3	2.6	4	115.2	45.3#
2015	3	8.3	2.5	2	166.8	123.5#
2015	4	10.1	3.7	1	65	184.2#
2015	5	11.2	5.2	1	121.4	168.8#
2015	6	13.4	7.7	0	99.2	93.6#
2015	7	15.4	9.7	0	110.4	120.7#
2015	8	15.8	10.5	0	89	112.4#
2015	9	14.4	9.1	0	36.8	111.0#
2015	10	13.3	7.9	0	71.4	70.8#
2015	11	9.8	5.3	1	155.8	31.3#
2015	12	9.2	3.7	1	268.4	21.1#
